50
--------------------
OOOOORRRRR--MMMMM---
ORRROOOOOR--MMMMM---
ORRRRR-ROR----------
OOOOOR-ROR-OOOOOOR--
---ROR-ROR-ORRRROR--
---ROR-ROR-OFR-ROO--
---ROR-RORRRRR-RRO--
SOOOOR--OOOOOOOOOO--
--------------------
97
1 10000
1 10050
1 10100
1 10150
1 10200
1 10250
1 10300
1 10350
2 15000
2 15050
2 15100
2 15150
4 17000
4 17100
3 20000
3 20020
3 20040
3 20060
3 20080
3 20100
3 20120
3 20140
3 20160
3 20180
3 20200
3 20220
3 20240
3 20260
3 20280
3 20300
4 25000
4 25200
4 25400
4 25600
4 25800
4 26000
100 30000
5 40000
5 40050
5 40100
5 40150
5 40200
5 40250
5 40300
5 40350
7 45000
7 45050
7 45100
7 45150
4 47000
4 47100
6 50000
6 50020
6 50040
6 50060
6 50080
6 50100
6 50120
6 50140
6 50160
6 50180
6 50200
6 50220
6 50240
6 50260
6 50280
6 50300
4 55000
4 55200
4 55400
4 55600
4 55800
4 56000
100 70000
100 71000
100 72000
100 73000
4 75000
4 80000
4 82000
4 90000
3 91000
3 91020
3 91040
3 91060
3 91080
3 91100
3 91120
3 91140
3 91160
3 91180
3 91200
3 91220
3 91240
3 91260
3 91280
3 91300
Ok, I'll say nothing. 
I'll just take my tea and watch your fail.
Bye, sucker.
