50
--------------------
----OOOOO---MMMMM---
----YRRRO---MMMMM---
----Y--RO-----------
----Y--RO--YYYY-----
---RY--RO--Y??Y-----
---RY--ROR-YF?Y-----
---RY--RORRRRRY-----
SYYYY---OOOOOOO-----
--------------------
44
1 10000
1 10500
1 11000
1 11200
1 11300
1 11400
2 14000
1 20000
1 20200
1 20400
1 20600
1 21000
3 21100
3 21150
3 21200
3 21250
3 21300
3 21350
3 21400
2 25000
2 25100
5 30000
5 30100
5 30200
5 30300
5 30400
6 35050
6 35100
6 35150
6 35200
6 35250
6 35300
6 35350
6 35400
7 38000
7 38100
7 38200
7 38300
7 38400
6 38500
6 38550
6 38600
6 38650
6 38700
